time	V(vg)	(1/72.25u)*(d(Ig(M1))/d(V(vg)))	(1/72.25u)*(d(Ig(M2))/d(V(vg)))
0.000000000000000e+000	-1.999994e+000	-5.697873e-011	-1.226008e-013
2.039966079992171e-003	-1.993874e+000	-5.416141e-011	0.000000e+000
4.087966079992038e-003	-1.987730e+000	-5.423721e-011	0.000000e+000
6.135966079992310e-003	-1.981586e+000	-5.441986e-011	0.000000e+000
8.183966079992581e-003	-1.975442e+000	-5.460358e-011	0.000000e+000
1.023196607999285e-002	-1.969298e+000	-5.477149e-011	0.000000e+000
1.227996607999313e-002	-1.963154e+000	-5.495467e-011	0.000000e+000
1.432796607999340e-002	-1.957010e+000	-5.515312e-011	0.000000e+000
1.637596607999302e-002	-1.950866e+000	-5.533577e-011	0.000000e+000
1.842396607999151e-002	-1.944722e+000	-5.550422e-011	0.000000e+000
2.047196607999001e-002	-1.938578e+000	-5.568740e-011	0.000000e+000
2.251996607998850e-002	-1.932434e+000	-5.587059e-011	0.000000e+000
2.456796607998700e-002	-1.926290e+000	-5.606903e-011	0.000000e+000
2.661596607998550e-002	-1.920146e+000	-5.625167e-011	0.000000e+000
2.866396607998399e-002	-1.914002e+000	-5.642013e-011	0.000000e+000
3.071196607998249e-002	-1.907858e+000	-5.661858e-011	0.000000e+000
3.275996607998360e-002	-1.901714e+000	-5.681703e-011	0.000000e+000
3.480796607998565e-002	-1.895570e+000	-5.696968e-011	0.000000e+000
3.685596607998769e-002	-1.889426e+000	-5.715231e-011	0.000000e+000
3.890396607998974e-002	-1.883282e+000	-5.736657e-011	0.000000e+000
4.095196607999179e-002	-1.877138e+000	-5.754976e-011	0.000000e+000
4.299996607999384e-002	-1.870994e+000	-5.773238e-011	0.000000e+000
4.504796607999589e-002	-1.864850e+000	-5.791612e-011	0.000000e+000
4.709596607999794e-002	-1.858706e+000	-5.811457e-011	0.000000e+000
4.914396607999998e-002	-1.852562e+000	-5.831302e-011	0.000000e+000
5.119196608000203e-002	-1.846418e+000	-5.848093e-011	0.000000e+000
5.323996608000408e-002	-1.840274e+000	-5.867881e-011	0.000000e+000
5.528796608000613e-002	-1.834130e+000	-5.887783e-011	0.000000e+000
5.733596608000818e-002	-1.827986e+000	-5.904574e-011	0.000000e+000
5.938396608001022e-002	-1.821842e+000	-5.924419e-011	0.000000e+000
6.143196608001227e-002	-1.815698e+000	-5.944264e-011	0.000000e+000
6.347996608001431e-002	-1.809554e+000	-5.962524e-011	0.000000e+000
6.552796608001636e-002	-1.803410e+000	-5.980900e-011	0.000000e+000
6.757596608001841e-002	-1.797266e+000	-5.999219e-011	0.000000e+000
6.962396608002046e-002	-1.791122e+000	-6.020590e-011	0.000000e+000
7.167196608002251e-002	-1.784978e+000	-6.040435e-011	0.000000e+000
7.371996608002455e-002	-1.778834e+000	-6.057168e-011	0.000000e+000
7.576796608002660e-002	-1.772690e+000	-6.077071e-011	0.000000e+000
7.781596608002865e-002	-1.766546e+000	-6.096916e-011	0.000000e+000
7.986396608003070e-002	-1.760402e+000	-6.116761e-011	0.000000e+000
8.191196608003275e-002	-1.754258e+000	-6.136605e-011	0.000000e+000
8.395996608003480e-002	-1.748114e+000	-6.154864e-011	0.000000e+000
8.600796608003684e-002	-1.741970e+000	-6.173242e-011	0.000000e+000
8.805596608003889e-002	-1.735826e+000	-6.193087e-011	0.000000e+000
9.010396608004094e-002	-1.729682e+000	-6.214458e-011	0.000000e+000
9.215196608004299e-002	-1.723538e+000	-6.234303e-011	0.000000e+000
9.419996608004504e-002	-1.717394e+000	-6.251034e-011	0.000000e+000
9.624796608004708e-002	-1.711250e+000	-6.270939e-011	0.000000e+000
9.829596608004913e-002	-1.705106e+000	-6.292310e-011	0.000000e+000
1.003439660800512e-001	-1.698962e+000	-6.310567e-011	0.000000e+000
1.023919660800532e-001	-1.692818e+000	-6.328947e-011	0.000000e+000
1.044399660800553e-001	-1.686674e+000	-6.350318e-011	0.000000e+000
1.064879660800573e-001	-1.680530e+000	-6.370163e-011	0.000000e+000
1.085359660800594e-001	-1.674386e+000	-6.388481e-011	-1.068563e-013
1.105839660800614e-001	-1.668242e+000	-6.408263e-011	-4.884813e-013
1.126319660800635e-001	-1.662098e+000	-6.428170e-011	-7.632594e-013
1.146799660800655e-001	-1.655954e+000	-6.448015e-011	-7.785246e-013
1.167279660800676e-001	-1.649810e+000	-6.487705e-011	-8.243201e-013
1.187759660800696e-001	-1.643666e+000	-6.538080e-011	-8.701157e-013
1.208239660800717e-001	-1.637522e+000	-6.570073e-011	-9.006373e-013
1.228719660800737e-001	-1.631378e+000	-6.591508e-011	-9.311764e-013
1.249199660800758e-001	-1.625234e+000	-6.612879e-011	-9.769720e-013
1.269679660800778e-001	-1.619090e+000	-6.637303e-011	-1.022768e-012
1.290159660800798e-001	-1.612946e+000	-6.658675e-011	-1.053298e-012
1.310639660800819e-001	-1.606802e+000	-6.679981e-011	-1.099083e-012
1.331119660800839e-001	-1.600658e+000	-6.704470e-011	-1.144889e-012
1.351599660800860e-001	-1.594514e+000	-6.728895e-011	-1.190685e-012
1.372079660800880e-001	-1.588370e+000	-6.751792e-011	-1.251745e-012
1.392559660800901e-001	-1.582226e+000	-6.774690e-011	-1.312806e-012
1.413039660800921e-001	-1.576082e+000	-6.797522e-011	-1.373854e-012
1.433519660800942e-001	-1.569938e+000	-6.822012e-011	-1.434928e-012
1.453999660800962e-001	-1.563794e+000	-6.844910e-011	-1.480723e-012
1.474479660800983e-001	-1.557650e+000	-6.867741e-011	-1.526504e-012
1.494959660801003e-001	-1.551506e+000	-6.893759e-011	-1.602845e-012
1.515439660801024e-001	-1.545362e+000	-6.918183e-011	-1.679171e-012
1.535919660801044e-001	-1.539218e+000	-6.944134e-011	-1.770762e-012
1.556399660801065e-001	-1.533074e+000	-6.968558e-011	-1.847088e-012
1.576879660801085e-001	-1.526930e+000	-6.991388e-011	-1.923395e-012
1.597359660801106e-001	-1.520786e+000	-7.017407e-011	-1.999740e-012
1.617839660801126e-001	-1.514642e+000	-7.043357e-011	-2.076065e-012
1.638319660801147e-001	-1.508498e+000	-7.069308e-011	-2.182922e-012
1.658799660801167e-001	-1.502354e+000	-7.093733e-011	-2.289778e-012
1.679279660801188e-001	-1.496210e+000	-7.119614e-011	-2.396611e-012
1.699759660801208e-001	-1.490066e+000	-7.148687e-011	-2.472960e-012
1.720239660801229e-001	-1.483922e+000	-7.174638e-011	-2.579817e-012
1.740719660801249e-001	-1.477778e+000	-7.200589e-011	-2.717203e-012
1.761199660801270e-001	-1.471634e+000	-7.228066e-011	-2.854590e-012
1.781679660801290e-001	-1.465490e+000	-7.257000e-011	-2.961418e-012
1.802159660801311e-001	-1.459346e+000	-7.284547e-011	-3.083568e-012
1.822639660801331e-001	-1.453202e+000	-7.312025e-011	-3.251485e-012
1.843119660801351e-001	-1.447058e+000	-7.342555e-011	-3.388872e-012
1.863599660801372e-001	-1.440914e+000	-7.370032e-011	-3.541523e-012
1.884079660801392e-001	-1.434770e+000	-7.398965e-011	-3.724670e-012
1.904559660801413e-001	-1.428626e+000	-7.431093e-011	-3.892623e-012
1.925039660801433e-001	-1.422482e+000	-7.463150e-011	-4.060540e-012
1.945519660801454e-001	-1.416338e+000	-7.492154e-011	-4.243722e-012
1.965999660801474e-001	-1.410194e+000	-7.522684e-011	-4.457435e-012
1.986479660801495e-001	-1.404050e+000	-7.556194e-011	-4.671102e-012
2.006959660801515e-001	-1.397906e+000	-7.589851e-011	-4.884860e-012
2.027439660801536e-001	-1.391762e+000	-7.623435e-011	-5.113838e-012
2.047919660801556e-001	-1.385618e+000	-7.655417e-011	-5.358029e-012
2.068399660801577e-001	-1.379474e+000	-7.690601e-011	-5.632854e-012
2.088879660801597e-001	-1.373330e+000	-7.727238e-011	-5.892362e-012
2.109359660801618e-001	-1.367186e+000	-7.763874e-011	-6.182401e-012
2.129839660801638e-001	-1.361042e+000	-7.800511e-011	-6.487705e-012
2.150319660801659e-001	-1.354898e+000	-7.838598e-011	-6.792942e-012
2.170799660801679e-001	-1.348754e+000	-7.878363e-011	-7.144108e-012
2.191279660801700e-001	-1.342610e+000	-7.918053e-011	-7.495207e-012
2.211759660801720e-001	-1.336466e+000	-7.959269e-011	-7.876837e-012
2.232239660801741e-001	-1.330322e+000	-8.000485e-011	-8.273732e-012
2.252719660801761e-001	-1.324178e+000	-8.043149e-011	-8.670542e-012
2.273199660801782e-001	-1.318034e+000	-8.090549e-011	-9.113317e-012
2.293679660801802e-001	-1.311890e+000	-8.137871e-011	-9.586538e-012
2.314159660801823e-001	-1.305746e+000	-8.183667e-011	-1.009029e-011
2.334639660801843e-001	-1.299602e+000	-8.230989e-011	-1.059404e-011
2.355119660801864e-001	-1.293458e+000	-8.282810e-011	-1.114348e-011
2.375599660801884e-001	-1.287314e+000	-8.337845e-011	-1.175419e-011
2.396079660801904e-001	-1.281170e+000	-8.392800e-011	-1.234954e-011
2.416559660801925e-001	-1.275026e+000	-8.447755e-011	-1.299067e-011
2.437039660801945e-001	-1.268882e+000	-8.505762e-011	-1.370814e-011
2.457519660801966e-001	-1.262738e+000	-8.568267e-011	-1.444073e-011
2.477999660801986e-001	-1.256594e+000	-8.632463e-011	-1.518886e-011
2.498479660802007e-001	-1.250450e+000	-8.699630e-011	-1.601318e-011
2.518959660802027e-001	-1.244306e+000	-8.766797e-011	-1.689856e-011
2.539439660802048e-001	-1.238162e+000	-8.838543e-011	-1.782974e-011
2.559919660802068e-001	-1.232018e+000	-8.914783e-011	-1.880653e-011
2.580399660802089e-001	-1.225874e+000	-8.994248e-011	-1.982948e-011
2.600879660802109e-001	-1.219730e+000	-9.076680e-011	-2.094384e-011
2.621359660802130e-001	-1.213586e+000	-9.162077e-011	-2.211904e-011
2.641839660802150e-001	-1.207442e+000	-9.256810e-011	-2.335574e-011
2.662319660802170e-001	-1.201298e+000	-9.351454e-011	-2.469907e-011
2.682799660802191e-001	-1.195154e+000	-9.449151e-011	-2.610347e-011
2.703279660802211e-001	-1.189010e+000	-9.556007e-011	-2.759946e-011
2.723759660802232e-001	-1.182866e+000	-9.665823e-011	-2.918676e-011
2.744239660802252e-001	-1.176722e+000	-9.783459e-011	-3.086621e-011
2.764719660802273e-001	-1.170578e+000	-9.908633e-011	-3.266750e-011
2.785199660802293e-001	-1.164434e+000	-1.003839e-010	-3.456038e-011
2.805679660802314e-001	-1.158290e+000	-1.017730e-010	-3.660592e-011
2.826159660802334e-001	-1.152146e+000	-1.032222e-010	-3.877320e-011
2.846639660802355e-001	-1.146002e+000	-1.047497e-010	-4.106335e-011
2.867119660802375e-001	-1.139858e+000	-1.063831e-010	-4.352105e-011
2.887599660802396e-001	-1.133714e+000	-1.081233e-010	-4.613140e-011
2.908079660802416e-001	-1.127570e+000	-1.099551e-010	-4.889440e-011
2.928559660802437e-001	-1.121426e+000	-1.118927e-010	-5.185534e-011
2.949039660802457e-001	-1.115282e+000	-1.139546e-010	-5.501574e-011
2.969519660802478e-001	-1.109138e+000	-1.161375e-010	-5.834355e-011
2.989999660802498e-001	-1.102994e+000	-1.184579e-010	-6.188507e-011
3.010479660802519e-001	-1.096850e+000	-1.209308e-010	-6.568610e-011
3.030959660802539e-001	-1.090706e+000	-1.235552e-010	-6.973070e-011
3.051439660802560e-001	-1.084562e+000	-1.263347e-010	-7.402089e-011
3.071919660802580e-001	-1.078418e+000	-1.292961e-010	-7.856992e-011
3.092399660802601e-001	-1.072274e+000	-1.324255e-010	-8.342425e-011
3.112879660802621e-001	-1.066130e+000	-1.357686e-010	-8.858388e-011
3.133359660802642e-001	-1.059986e+000	-1.393240e-010	-9.403264e-011
3.153839660802662e-001	-1.053842e+000	-1.430959e-010	-9.983433e-011
3.174319660802683e-001	-1.047698e+000	-1.471106e-010	-1.060167e-010
3.194799660802703e-001	-1.041554e+000	-1.513529e-010	-1.125644e-010
3.215279660802723e-001	-1.035410e+000	-1.558576e-010	-1.195112e-010
3.235759660802744e-001	-1.029266e+000	-1.606661e-010	-1.268537e-010
3.256239660802764e-001	-1.023122e+000	-1.657494e-010	-1.346084e-010
3.276719660802785e-001	-1.016978e+000	-1.711228e-010	-1.428211e-010
3.297199660802805e-001	-1.010834e+000	-1.768302e-010	-1.515055e-010
3.317679660802826e-001	-1.004690e+000	-1.828617e-010	-1.606814e-010
3.338159660802846e-001	-9.985461e-001	-1.892425e-010	-1.703442e-010
3.358639660802867e-001	-9.924021e-001	-1.959888e-010	-1.804947e-010
3.379119660802887e-001	-9.862581e-001	-2.031033e-010	-1.911812e-010
3.399599660802908e-001	-9.801141e-001	-2.105680e-010	-2.024164e-010
3.420079660802928e-001	-9.739701e-001	-2.184601e-010	-2.141706e-010
3.440559660802949e-001	-9.678261e-001	-2.267633e-010	-2.264580e-010
3.461039660802969e-001	-9.616821e-001	-2.354338e-010	-2.393112e-010
3.481519660802990e-001	-9.555381e-001	-2.445330e-010	-2.527152e-010
3.501999660803010e-001	-9.493941e-001	-2.540585e-010	-2.666676e-010
3.522479660803031e-001	-9.432501e-001	-2.639796e-010	-2.811376e-010
3.542959660803051e-001	-9.371061e-001	-2.743141e-010	-2.961432e-010
3.563439660803072e-001	-9.309621e-001	-2.850621e-010	-3.116541e-010
3.583919660803092e-001	-9.248181e-001	-2.961904e-010	-3.276215e-010
3.604399660803113e-001	-9.186741e-001	-3.077309e-010	-3.440621e-010
3.624879660803133e-001	-9.125301e-001	-3.196057e-010	-3.609283e-010
3.645359660803154e-001	-9.063861e-001	-3.318330e-010	-3.782084e-010
3.665839660803174e-001	-9.002421e-001	-3.443979e-010	-3.957958e-010
3.686319660803195e-001	-8.940981e-001	-3.572206e-010	-4.137018e-010
3.706799660803215e-001	-8.879541e-001	-3.703182e-010	-4.318827e-010
3.727279660803236e-001	-8.818101e-001	-3.836581e-010	-4.502140e-010
3.747759660803256e-001	-8.756661e-001	-3.971677e-010	-4.687000e-010
3.768239660803276e-001	-8.695221e-001	-4.108167e-010	-4.872953e-010
3.788719660803297e-001	-8.633781e-001	-4.245859e-010	-5.058883e-010
3.809199660803317e-001	-8.572341e-001	-4.383835e-010	-5.244330e-010
3.829679660803338e-001	-8.510901e-001	-4.521985e-010	-5.428885e-010
3.850159660803358e-001	-8.449461e-001	-4.659851e-010	-5.611483e-010
3.870639660803379e-001	-8.388021e-001	-4.796627e-010	-5.791917e-010
3.891119660803399e-001	-8.326581e-001	-4.931877e-010	-5.969299e-010
3.911599660803420e-001	-8.265141e-001	-5.065423e-010	-6.142987e-010
3.932079660803440e-001	-8.203701e-001	-5.196550e-010	-6.312888e-010
3.952559660803461e-001	-8.142261e-001	-5.324803e-010	-6.477935e-010
3.973039660803481e-001	-8.080821e-001	-5.449977e-010	-6.637761e-010
3.993519660803502e-001	-8.019381e-001	-5.571335e-010	-6.792092e-010
4.013999660803522e-001	-7.957941e-001	-5.688392e-010	-6.940589e-010
4.034479660803543e-001	-7.896501e-001	-5.801354e-010	-7.083013e-010
4.054959660803563e-001	-7.835061e-001	-5.910070e-010	-7.218602e-010
4.075439660803584e-001	-7.773621e-001	-6.013568e-010	-7.347440e-010
4.095919660803604e-001	-7.712181e-001	-6.111846e-010	-7.469220e-010
4.116399660803625e-001	-7.650741e-001	-6.205116e-010	-7.583861e-010
4.136879660803645e-001	-7.589301e-001	-6.292921e-010	-7.691670e-010
4.157359660803666e-001	-7.527861e-001	-6.375200e-010	-7.792115e-010
4.177839660803686e-001	-7.466421e-001	-6.452289e-010	-7.885385e-010
4.198319660803707e-001	-7.404981e-001	-6.523699e-010	-7.971442e-010
4.218799660803727e-001	-7.343541e-001	-6.589491e-010	-8.050668e-010
4.239279660803748e-001	-7.282101e-001	-6.649974e-010	-8.122911e-010
4.259759660803768e-001	-7.220661e-001	-6.705234e-010	-8.188246e-010
4.280239660803789e-001	-7.159221e-001	-6.755303e-010	-8.247323e-010
4.300719660803809e-001	-7.097781e-001	-6.799997e-010	-8.299795e-010
4.321199660803829e-001	-7.036341e-001	-6.839687e-010	-8.346048e-010
4.341679660803850e-001	-6.974901e-001	-6.874830e-010	-8.386541e-010
4.362159660803870e-001	-6.913461e-001	-6.905513e-010	-8.421346e-010
4.382639660803891e-001	-6.852021e-001	-6.931583e-010	-8.450461e-010
4.403119660803911e-001	-6.790581e-001	-6.953412e-010	-8.474580e-010
4.423599660803932e-001	-6.729141e-001	-6.971153e-010	-8.493856e-010
4.444079660803952e-001	-6.667701e-001	-6.985044e-010	-8.508357e-010
4.464559660803973e-001	-6.606261e-001	-6.995272e-010	-8.518432e-010
4.485039660803993e-001	-6.544821e-001	-7.001955e-010	-8.524192e-010
4.505519660804014e-001	-6.483381e-001	-7.005618e-010	-8.526024e-010
4.525999660804034e-001	-6.421941e-001	-7.006110e-010	-8.524233e-010
4.546479660804055e-001	-6.360501e-001	-7.003668e-010	-8.519043e-010
4.566959660804075e-001	-6.299061e-001	-6.998630e-010	-8.510495e-010
4.587439660804096e-001	-6.237621e-001	-6.990964e-010	-8.498852e-010
4.607919660804116e-001	-6.176181e-001	-6.981042e-010	-8.484350e-010
4.628399660804137e-001	-6.114741e-001	-6.968863e-010	-8.467294e-010
4.648879660804157e-001	-6.053301e-001	-6.954514e-010	-8.447755e-010
4.669359660804178e-001	-5.991861e-001	-6.938452e-010	-8.425885e-010
4.689839660804198e-001	-5.930421e-001	-6.920744e-010	-8.402071e-010
4.710319660804219e-001	-5.868981e-001	-6.901239e-010	-8.376314e-010
4.730799660804239e-001	-5.807541e-001	-6.880173e-010	-8.348531e-010
4.751279660804260e-001	-5.746101e-001	-6.858038e-010	-8.319222e-010
4.771759660804280e-001	-5.684661e-001	-6.834497e-010	-8.288499e-010
4.792239660804301e-001	-5.623221e-001	-6.809767e-010	-8.256289e-010
4.812719660804321e-001	-5.561781e-001	-6.784002e-010	-8.222746e-010
4.833199660804342e-001	-5.500341e-001	-6.757288e-010	-8.188246e-010
4.853679660804362e-001	-5.438901e-001	-6.729658e-010	-8.152679e-010
4.874159660804383e-001	-5.377461e-001	-6.701232e-010	-8.115850e-010
4.894639660804403e-001	-5.316021e-001	-6.672381e-010	-8.078451e-010
4.915119660804423e-001	-5.254581e-001	-6.642646e-010	-8.040327e-010
4.935599660804444e-001	-5.193141e-001	-6.612269e-010	-8.001248e-010
4.956079660804464e-001	-5.131701e-001	-6.581554e-010	-7.961825e-010
4.976559660804485e-001	-5.070261e-001	-6.550413e-010	-7.921831e-010
4.997039660804505e-001	-5.008821e-001	-6.518693e-010	-7.881264e-010
5.017519660804040e-001	-4.947381e-001	-6.486789e-010	-7.840200e-010
5.037999660803492e-001	-4.885941e-001	-6.454716e-010	-7.798813e-010
5.058479660802944e-001	-4.824501e-001	-6.422049e-010	-7.757444e-010
5.078959660802396e-001	-4.763061e-001	-6.389229e-010	-7.715465e-010
5.099439660801848e-001	-4.701621e-001	-6.356409e-010	-7.673333e-010
5.119919660801300e-001	-4.640181e-001	-6.323436e-010	-7.631201e-010
5.140399660800752e-001	-4.578741e-001	-6.290310e-010	-7.588764e-010
5.160879660800204e-001	-4.517301e-001	-6.257048e-010	-7.546345e-010
5.181359660799656e-001	-4.455861e-001	-6.223754e-010	-7.503737e-010
5.201839660799108e-001	-4.394421e-001	-6.190476e-010	-7.461148e-010
5.222319660798560e-001	-4.332981e-001	-6.157198e-010	-7.418710e-010
5.242799660798012e-001	-4.271541e-001	-6.123768e-010	-7.376121e-010
5.263279660797464e-001	-4.210101e-001	-6.090490e-010	-7.333531e-010
5.283759660796916e-001	-4.148661e-001	-6.057364e-010	-7.291094e-010
5.304239660796368e-001	-4.087221e-001	-6.024254e-010	-7.248827e-010
5.324719660795820e-001	-4.025781e-001	-5.991114e-010	-7.206677e-010
5.345199660795272e-001	-3.964341e-001	-5.957988e-010	-7.164698e-010
5.365679660794724e-001	-3.902901e-001	-5.925168e-010	-7.122719e-010
5.386159660794176e-001	-3.841461e-001	-5.892501e-010	-7.080893e-010
5.406639660793629e-001	-3.780021e-001	-5.859986e-010	-7.039219e-010
5.427119660793081e-001	-3.718581e-001	-5.827471e-010	-6.997850e-010
5.447599660792533e-001	-3.657141e-001	-5.794970e-010	-6.956804e-010
5.468079660791985e-001	-3.595701e-001	-5.762900e-010	-6.915571e-010
5.488559660791437e-001	-3.534261e-001	-5.730995e-010	-6.874813e-010
5.509039660790889e-001	-3.472821e-001	-5.698939e-010	-6.834360e-010
5.529519660790341e-001	-3.411381e-001	-5.667340e-010	-6.794060e-010
5.549999660789793e-001	-3.349941e-001	-5.636046e-010	-6.753913e-010
5.570479660789245e-001	-3.288501e-001	-5.604600e-010	-6.714071e-010
5.590959660788697e-001	-3.227061e-001	-5.573473e-010	-6.674398e-010
5.611439660788149e-001	-3.165621e-001	-5.542623e-010	-6.635150e-010
5.631919660787601e-001	-3.104181e-001	-5.511788e-010	-6.596071e-010
5.652399660787053e-001	-3.042741e-001	-5.481258e-010	-6.557145e-010
5.672879660786505e-001	-2.981301e-001	-5.451033e-010	-6.518830e-010
5.693359660785957e-001	-2.919861e-001	-5.420960e-010	-6.480514e-010
5.713839660785409e-001	-2.858421e-001	-5.391193e-010	-6.442351e-010
5.734319660784861e-001	-2.796981e-001	-5.361439e-010	-6.404662e-010
5.754799660784313e-001	-2.735541e-001	-5.331812e-010	-6.367247e-010
5.775279660783765e-001	-2.674101e-001	-5.302655e-010	-6.330153e-010
5.795759660783217e-001	-2.612661e-001	-5.273499e-010	-6.293211e-010
5.816239660782669e-001	-2.551221e-001	-5.244648e-010	-6.256575e-010
5.836719660782122e-001	-2.489781e-001	-5.216108e-010	-6.220404e-010
5.857199660781574e-001	-2.428341e-001	-5.187556e-010	-6.184218e-010
5.877679660781026e-001	-2.366901e-001	-5.159468e-010	-6.148497e-010
5.898159660780478e-001	-2.305461e-001	-5.131533e-010	-6.112929e-010
5.918639660779930e-001	-2.244021e-001	-5.103598e-010	-6.077667e-010
5.939119660779382e-001	-2.182581e-001	-5.076120e-010	-6.042862e-010
5.959599660778834e-001	-2.121141e-001	-5.048802e-010	-6.008218e-010
5.980079660778286e-001	-2.059701e-001	-5.021477e-010	-5.973719e-010
6.000559660777738e-001	-1.998261e-001	-4.994605e-010	-5.939670e-010
6.021039660777190e-001	-1.936821e-001	-4.967891e-010	-5.906087e-010
6.041519660776642e-001	-1.875381e-001	-4.941329e-010	-5.872503e-010
6.061999660776094e-001	-1.813941e-001	-4.915073e-010	-5.839073e-010
6.082479660775546e-001	-1.752501e-001	-4.888970e-010	-5.806100e-010
6.102959660774998e-001	-1.691061e-001	-4.863025e-010	-5.773440e-010
6.123439660774450e-001	-1.629621e-001	-4.837227e-010	-5.741077e-010
6.143919660773902e-001	-1.568181e-001	-4.811881e-010	-5.708861e-010
6.164399660773354e-001	-1.506741e-001	-4.786541e-010	-5.676804e-010
6.184879660772806e-001	-1.445301e-001	-4.761506e-010	-5.645053e-010
6.205359660772258e-001	-1.383861e-001	-4.736623e-010	-5.613759e-010
6.225839660771710e-001	-1.322421e-001	-4.711741e-010	-5.582771e-010
6.246319660771162e-001	-1.260981e-001	-4.687320e-010	-5.551939e-010
6.266799660770615e-001	-1.199541e-001	-4.663048e-010	-5.521256e-010
6.287279660770067e-001	-1.138101e-001	-4.638929e-010	-5.490878e-010
6.307759660769519e-001	-1.076661e-001	-4.614963e-010	-5.460806e-010
6.328239660768971e-001	-1.015221e-001	-4.591299e-010	-5.430883e-010
6.348719660768423e-001	-9.537810e-002	-4.567791e-010	-5.401268e-010
6.369199660767875e-001	-8.923410e-002	-4.544285e-010	-5.371810e-010
6.389679660767327e-001	-8.309010e-002	-4.521082e-010	-5.342806e-010
6.410159660766779e-001	-7.694610e-002	-4.498182e-010	-5.314104e-010
6.430639660766231e-001	-7.080210e-002	-4.475439e-010	-5.285256e-010
6.451119660765683e-001	-6.465811e-002	-4.452847e-010	-5.256863e-010
6.471599660765135e-001	-5.851410e-002	-4.430252e-010	-5.228925e-010
6.492079660764587e-001	-5.237010e-002	-4.407966e-010	-5.200838e-010
6.512559660764039e-001	-4.622610e-002	-4.385984e-010	-5.173056e-010
6.533039660763491e-001	-4.008210e-002	-4.364002e-010	-5.145731e-010
6.553519660762943e-001	-3.393810e-002	-4.342174e-010	-5.118560e-010
6.573999660762395e-001	-2.779410e-002	-4.320649e-010	-5.091540e-010
6.594479660761847e-001	-2.165010e-002	-4.299278e-010	-5.064520e-010
6.614959660761299e-001	-1.550610e-002	-4.278060e-010	-5.038112e-010
6.635439660760751e-001	-9.362102e-003	-4.256994e-010	-5.011856e-010
6.655919660760203e-001	-3.218102e-003	-4.236081e-010	-4.985600e-010
6.676399660759655e-001	2.925898e-003	-4.215320e-010	-4.959802e-010
6.696879660759108e-001	9.069898e-003	-4.194712e-010	-4.934003e-010
6.717359660758560e-001	1.521390e-002	-4.174257e-010	-4.908511e-010
6.737839660758012e-001	2.135790e-002	-4.153954e-010	-4.883323e-010
6.758319660757464e-001	2.750190e-002	-4.133957e-010	-4.858136e-010
6.778799660756916e-001	3.364590e-002	-4.114113e-010	-4.833254e-010
6.799279660756368e-001	3.978990e-002	-4.094267e-010	-4.808676e-010
6.819759660755820e-001	4.593390e-002	-4.074575e-010	-4.784100e-010
6.840239660755272e-001	5.207790e-002	-4.055036e-010	-4.759981e-010
6.860719660754724e-001	5.822190e-002	-4.035648e-010	-4.735860e-010
6.881199660754176e-001	6.436590e-002	-4.016416e-010	-4.712049e-010
6.901679660753628e-001	7.050990e-002	-3.997487e-010	-4.688388e-010
6.922159660753080e-001	7.665390e-002	-3.978556e-010	-4.664725e-010
6.942639660752532e-001	8.279790e-002	-3.959780e-010	-4.641369e-010
6.963119660751984e-001	8.894190e-002	-3.941312e-010	-4.618321e-010
6.983599660751436e-001	9.508590e-002	-3.922688e-010	-4.595576e-010
7.004079660750888e-001	1.012299e-001	-3.904367e-010	-4.572828e-010
7.024559660750340e-001	1.073739e-001	-3.886204e-010	-4.550086e-010
7.045039660749792e-001	1.135179e-001	-3.868191e-010	-4.527646e-010
7.065519660749244e-001	1.196619e-001	-3.850329e-010	-4.505662e-010
7.085999660748696e-001	1.258059e-001	-3.832469e-010	-4.483527e-010
7.106479660748148e-001	1.319499e-001	-3.814761e-010	-4.461545e-010
7.126959660747601e-001	1.380939e-001	-3.797211e-010	-4.439874e-010
7.147439660747053e-001	1.442379e-001	-3.779961e-010	-4.418503e-010
7.167919660746505e-001	1.503819e-001	-3.762707e-010	-4.397127e-010
7.188399660745957e-001	1.565259e-001	-3.745457e-010	-4.375908e-010
7.208879660745409e-001	1.626699e-001	-3.728360e-010	-4.354842e-010
7.229359660744861e-001	1.688139e-001	-3.711569e-010	-4.333929e-010
7.249839660744313e-001	1.749579e-001	-3.694930e-010	-4.313321e-010
7.270319660743765e-001	1.811019e-001	-3.678291e-010	-4.292713e-010
7.290799660743217e-001	1.872459e-001	-3.661809e-010	-4.272415e-010
7.311279660742669e-001	1.933899e-001	-3.645322e-010	-4.252265e-010
7.331759660742121e-001	1.995339e-001	-3.628984e-010	-4.232110e-010
7.352239660741573e-001	2.056779e-001	-3.612956e-010	-4.212266e-010
7.372719660741025e-001	2.118219e-001	-3.596927e-010	-4.192574e-010
7.393199660740477e-001	2.179659e-001	-3.580899e-010	-4.172881e-010
7.413679660739929e-001	2.241099e-001	-3.565176e-010	-4.153342e-010
7.434159660739381e-001	2.302539e-001	-3.549457e-010	-4.134113e-010
7.454639660738833e-001	2.363979e-001	-3.533887e-010	-4.114879e-010
7.475119660738285e-001	2.425419e-001	-3.518464e-010	-4.095945e-010
7.495599660737737e-001	2.486859e-001	-3.503051e-010	-4.077021e-010
7.516079660737189e-001	2.548299e-001	-3.487934e-010	-4.058088e-010
7.536559660736641e-001	2.609739e-001	-3.472822e-010	-4.039769e-010
7.557039660736094e-001	2.671179e-001	-3.457709e-010	-4.021451e-010
7.577519660735546e-001	2.732619e-001	-3.442749e-010	-4.002980e-010
7.597999660734998e-001	2.794059e-001	-3.427942e-010	-3.984815e-010
7.618479660734450e-001	2.855499e-001	-3.413288e-010	-3.966802e-010
7.638959660733902e-001	2.916939e-001	-3.398633e-010	-3.948789e-010
7.659439660733354e-001	2.978379e-001	-3.384131e-010	-3.931082e-010
7.679919660732806e-001	3.039819e-001	-3.369790e-010	-3.913383e-010
7.700399660732258e-001	3.101259e-001	-3.355433e-010	-3.895819e-010
7.720879660731710e-001	3.162699e-001	-3.341236e-010	-3.878417e-010
7.741359660731162e-001	3.224139e-001	-3.327192e-010	-3.861167e-010
7.761839660730614e-001	3.285579e-001	-3.313148e-010	-3.844223e-010
7.782319660730066e-001	3.347019e-001	-3.299257e-010	-3.827278e-010
7.802799660729518e-001	3.408459e-001	-3.285518e-010	-3.810182e-010
7.823279660728970e-001	3.469899e-001	-3.271711e-010	-3.793399e-010
7.843759660728422e-001	3.531339e-001	-3.258041e-010	-3.776903e-010
7.864239660727874e-001	3.592779e-001	-3.244531e-010	-3.760264e-010
7.884719660727326e-001	3.654219e-001	-3.231098e-010	-3.743778e-010
7.905199660726778e-001	3.715659e-001	-3.217817e-010	-3.727597e-010
7.925679660726230e-001	3.777099e-001	-3.204537e-010	-3.711416e-010
7.946159660725682e-001	3.838539e-001	-3.191409e-010	-3.695388e-010
7.966639660725134e-001	3.899979e-001	-3.178365e-010	-3.679368e-010
7.987119660724587e-001	3.961419e-001	-3.165305e-010	-3.663483e-010
8.007599660724039e-001	4.022859e-001	-3.152406e-010	-3.647913e-010
8.028079660723491e-001	4.084299e-001	-3.139583e-010	-3.632343e-010
8.048559660722943e-001	4.145739e-001	-3.126913e-010	-3.616772e-010
8.069039660722395e-001	4.207179e-001	-3.114243e-010	-3.601354e-010
8.089519660721847e-001	4.268619e-001	-3.101650e-010	-3.586089e-010
8.109999660721299e-001	4.330059e-001	-3.089216e-010	-3.570833e-010
8.130479660720751e-001	4.391499e-001	-3.076844e-010	-3.555864e-010
8.150959660720203e-001	4.452939e-001	-3.064555e-010	-3.540904e-010
8.171439660719655e-001	4.514379e-001	-3.052267e-010	-3.526097e-010
8.191919660719107e-001	4.575819e-001	-3.040131e-010	-3.511290e-010
8.212399660718559e-001	4.637259e-001	-3.028072e-010	-3.496635e-010
8.232879660718011e-001	4.698699e-001	-3.016088e-010	-3.482133e-010
8.253359660717463e-001	4.760139e-001	-3.004189e-010	-3.467640e-010
8.273839660716915e-001	4.821579e-001	-2.992351e-010	-3.453130e-010
8.294319660716367e-001	4.883019e-001	-2.980597e-010	-3.438933e-010
8.314799660715819e-001	4.944459e-001	-2.968919e-010	-3.424889e-010
8.335279660715271e-001	5.005899e-001	-2.957318e-010	-3.410845e-010
8.355759660714723e-001	5.067339e-001	-2.945723e-010	-3.396809e-010
8.376239660714175e-001	5.128779e-001	-2.934274e-010	-3.382766e-010
8.396719660713627e-001	5.190219e-001	-2.922964e-010	-3.369316e-010
8.417199660713080e-001	5.251659e-001	-2.911668e-010	-3.355577e-010
8.437679660712532e-001	5.313099e-001	-2.900386e-010	-3.341855e-010
8.458159660711984e-001	5.374539e-001	-2.889242e-010	-3.328269e-010
8.478639660711436e-001	5.435979e-001	-2.878161e-010	-3.314819e-010
8.499119660710888e-001	5.497419e-001	-2.867094e-010	-3.301691e-010
8.519599660710340e-001	5.558859e-001	-2.856193e-010	-3.288427e-010
8.540079660709792e-001	5.620299e-001	-2.845355e-010	-3.275146e-010
8.560559660709244e-001	5.681739e-001	-2.834440e-010	-3.262171e-010
8.581039660708696e-001	5.743179e-001	-2.823741e-010	-3.249179e-010
8.601519660708148e-001	5.804619e-001	-2.813055e-010	-3.236357e-010
8.621999660707600e-001	5.866059e-001	-2.802383e-010	-3.223550e-010
8.642479660707052e-001	5.927499e-001	-2.791926e-010	-3.210574e-010
8.662959660706504e-001	5.988939e-001	-2.781380e-010	-3.198041e-010
8.683439660705956e-001	6.050379e-001	-2.771000e-010	-3.185676e-010
8.703919660705408e-001	6.111819e-001	-2.760633e-010	-3.173174e-010
8.724399660704860e-001	6.173259e-001	-2.750329e-010	-3.160657e-010
8.744879660704312e-001	6.234699e-001	-2.740177e-010	-3.148292e-010
8.765359660703764e-001	6.296139e-001	-2.730013e-010	-3.136065e-010
8.785839660703216e-001	6.357579e-001	-2.719862e-010	-3.124005e-010
8.806319660702668e-001	6.419019e-001	-2.709800e-010	-3.111961e-010
8.826799660702120e-001	6.480459e-001	-2.699877e-010	-3.099902e-010
8.847279660701573e-001	6.541899e-001	-2.689955e-010	-3.087842e-010
8.867759660701025e-001	6.603339e-001	-2.680172e-010	-3.076073e-010
8.888239660700477e-001	6.664779e-001	-2.670326e-010	-3.064471e-010
8.908719660699929e-001	6.726219e-001	-2.660570e-010	-3.052580e-010
8.929199660699381e-001	6.787659e-001	-2.650952e-010	-3.040978e-010
8.949679660698833e-001	6.849099e-001	-2.641246e-010	-3.029514e-010
8.970159660698285e-001	6.910539e-001	-2.631629e-010	-3.017913e-010
8.990639660697737e-001	6.971979e-001	-2.622178e-010	-3.006479e-010
9.011119660697189e-001	7.033419e-001	-2.612789e-010	-2.995182e-010
9.031599660696641e-001	7.094859e-001	-2.603401e-010	-2.984039e-010
9.052079660696093e-001	7.156299e-001	-2.594077e-010	-2.972804e-010
9.072559660695545e-001	7.217739e-001	-2.584765e-010	-2.961585e-010
9.093039660694997e-001	7.279179e-001	-2.575542e-010	-2.950608e-010
9.113519660694449e-001	7.340619e-001	-2.566383e-010	-2.939617e-010
9.133999660693901e-001	7.402059e-001	-2.557301e-010	-2.928626e-010
9.154479660693353e-001	7.463499e-001	-2.548205e-010	-2.917774e-010
9.174959660692805e-001	7.524939e-001	-2.539199e-010	-2.907012e-010
9.195439660692257e-001	7.586379e-001	-2.530205e-010	-2.896264e-010
9.215919660691709e-001	7.647819e-001	-2.521275e-010	-2.885655e-010
9.236399660691161e-001	7.709259e-001	-2.512561e-010	-2.875031e-010
9.256879660690613e-001	7.770699e-001	-2.503708e-010	-2.864499e-010
9.277359660690066e-001	7.832139e-001	-2.494942e-010	-2.854056e-010
9.297839660689518e-001	7.893579e-001	-2.486317e-010	-2.843599e-010
9.318319660688970e-001	7.955019e-001	-2.477616e-010	-2.833295e-010
9.338799660688422e-001	8.016459e-001	-2.468979e-010	-2.823054e-010
9.359279660687874e-001	8.077899e-001	-2.460431e-010	-2.812826e-010
9.379759660687326e-001	8.139339e-001	-2.451971e-010	-2.802612e-010
9.400239660686778e-001	8.200779e-001	-2.443499e-010	-2.792537e-010
9.420719660686230e-001	8.262219e-001	-2.435103e-010	-2.782538e-010
9.441199660685682e-001	8.323659e-001	-2.426771e-010	-2.772526e-010
9.461679660685134e-001	8.385099e-001	-2.418376e-010	-2.762680e-010
9.482159660684586e-001	8.446539e-001	-2.410144e-010	-2.752848e-010
9.502639660684038e-001	8.507979e-001	-2.401977e-010	-2.743002e-010
9.523119660683490e-001	8.569419e-001	-2.393875e-010	-2.733219e-010
9.543599660682942e-001	8.630859e-001	-2.385708e-010	-2.723525e-010
9.564079660682394e-001	8.692299e-001	-2.377553e-010	-2.713998e-010
9.584559660681846e-001	8.753739e-001	-2.369615e-010	-2.704381e-010
9.605039660681298e-001	8.815179e-001	-2.361677e-010	-2.694840e-010
9.625519660680750e-001	8.876619e-001	-2.353651e-010	-2.685439e-010
9.645999660680202e-001	8.938059e-001	-2.345714e-010	-2.676051e-010
9.666479660679654e-001	8.999499e-001	-2.337940e-010	-2.666676e-010
9.686959660679106e-001	9.060939e-001	-2.330155e-010	-2.657364e-010
9.707439660678559e-001	9.122379e-001	-2.322369e-010	-2.648205e-010
9.727919660678011e-001	9.183819e-001	-2.314573e-010	-2.638880e-010
9.748399660677463e-001	9.245259e-001	-2.306864e-010	-2.629721e-010
9.768879660676915e-001	9.306699e-001	-2.299319e-010	-2.620804e-010
9.789359660676367e-001	9.368139e-001	-2.291763e-010	-2.611721e-010
9.809839660675819e-001	9.429579e-001	-2.284195e-010	-2.602702e-010
9.830319660675271e-001	9.491019e-001	-2.276639e-010	-2.593848e-010
9.850799660674723e-001	9.552459e-001	-2.269170e-010	-2.584930e-010
9.871279660674175e-001	9.613899e-001	-2.261766e-010	-2.576077e-010
9.891759660673627e-001	9.675339e-001	-2.254363e-010	-2.567299e-010
9.912239660673079e-001	9.736779e-001	-2.247025e-010	-2.558586e-010
9.932719660672531e-001	9.798219e-001	-2.239697e-010	-2.549961e-010
9.953199660671983e-001	9.859659e-001	-2.232457e-010	-2.541348e-010
9.973679660671435e-001	9.921099e-001	-2.225206e-010	-2.532724e-010
9.994159660670887e-001	9.982539e-001	-2.220587e-010	-2.527145e-010
9.999970179878075e-001	9.999971e-001	-2.215121e-010	-2.521285e-010
9.999980000000001e-001	1.000000e+000	-9.633797e-011	-1.605633e-010
